Time(s)_full_system = 10.916472
Silhouette_mean = 0.335716
Davies_Bouldin = 0.787202
