Time(s)_full_system = 1442.006630
Silhouette_mean = 0.562585
Davies_Bouldin = 0.551961
