Time(s)_full_system = 11.164950
Silhouette_mean = 0.639976
Davies_Bouldin = 0.511113
