Time(s)_Step56 = 0.073619
Silhouette_mean = 0.635311
Davies_Bouldin = 0.499739
