Time(s)_full_system = 5.185436
Silhouette_mean = 0.472548
Davies_Bouldin = 0.731607
