Time(s)_full_system = 12127.170087
Silhouette_mean = 0.462119
Davies_Bouldin = 0.709095
