Time(s)_full_system = 55.801289
Silhouette_mean = 0.335716
Davies_Bouldin = 0.787202
