Time(s)_full_system = 20348.526740
Silhouette_mean = 0.428049
Davies_Bouldin = 0.759548
