Time(s)_full_system = 74.341460
Silhouette_mean = 0.513809
Davies_Bouldin = 0.637678
