Time(s)_full_system = 7.306412
Silhouette_mean = 0.639976
Davies_Bouldin = 0.511113
